Wall time,Step,Value
1776858442.692541,18,0.1298835277557373
1776858508.2884688,47,0.13130205869674683
1776858542.167638,62,0.14030447602272034
1776858544.4154894,63,0.14156824350357056
1776858603.6361983,89,0.1568204164505005
1776858637.5809717,103,0.16499342024326324
1776858650.1423059,107,0.16767197847366333
1776858721.9321783,128,0.19536267220973969
1776858804.6965196,164,0.29705917835235596
1776858824.1408124,172,0.3165389597415924
1776858907.9511788,191,0.3654148578643799
1776858935.3094454,203,0.3930940330028534
1776859028.8843386,244,0.49547478556632996
1776859063.107573,259,0.5331286191940308
1776859115.4388146,282,0.595224916934967
1776859122.2693334,285,0.5926854610443115
1776859199.789072,319,0.6447911262512207
1776859306.6813803,366,0.6912152767181396
1776859351.825391,386,0.7086499929428101
1776859388.2696426,402,0.7330424189567566
1776859417.804221,415,0.7198951244354248
1776859467.6976218,437,0.7473149299621582
1776859531.3946137,465,0.7603455781936646
1776859553.9797137,475,0.7972618937492371
1776859567.5801022,481,0.7819480299949646
1776859633.4280965,510,0.7983416318893433
1776859685.5902321,533,0.8246870040893555
1776859696.9447236,538,0.8262230157852173
1776859701.4838483,540,0.8268647193908691
1776859737.8448563,556,0.8453344702720642
1776859751.3607461,562,0.851493239402771
1776859824.0327141,594,0.8525406718254089
1776859828.573008,596,0.8659049868583679
1776859921.734099,637,0.848883330821991
1776859935.3225183,643,0.8538459539413452
1776859937.5766232,644,0.8467904925346375
1776859968.9897938,658,0.8639885187149048
1776860007.471863,675,0.8825052976608276
1776860110.872132,721,0.9212344884872437
1776860207.4851043,764,0.9410750269889832
1776860232.1002603,775,0.9424532651901245
1776860297.1463156,804,0.9824830293655396
1776860416.2350318,857,1.0028530359268188
1776860436.3327355,866,1.025782585144043
1776860481.2199664,886,1.040290355682373
1776860606.6701055,942,1.0327471494674683
1776860735.4281814,999,1.1073613166809082
1776860771.5791624,1015,1.2912020683288574
1776860796.4418523,1026,1.5164546966552734
1776860821.45336,1037,1.729522466659546
1776860864.4781718,1056,2.3785905838012695
1776860898.3534954,1071,3.280832290649414
1776860911.7752218,1077,5.350691795349121
1776860983.4226868,1109,9.368979454040527
1776860987.9044008,1111,10.714414596557617
1776861019.0441597,1125,10.514151573181152
1776861034.738209,1132,9.463489532470703
1776861076.838205,1151,10.524435043334961
1776861079.034072,1152,11.105830192565918
1776861105.6001081,1164,10.623346328735352
1776861128.240582,1174,11.971537590026855
1776861132.7371085,1176,11.149744033813477
1776861150.530308,1184,10.991869926452637
1776861225.8069437,1218,12.879512786865234
1776861301.1682453,1252,13.661039352416992
1776861305.6109853,1254,13.5960693359375
1776861312.3019462,1257,12.625396728515625
1776861321.1611152,1261,13.220539093017578
1776861334.3993914,1267,11.936923027038574
1776861343.2015903,1271,13.671950340270996
1776861462.7950788,1325,14.269660949707031
1776861507.2674809,1345,13.847259521484375
1776861573.77869,1375,14.056341171264648
1776861576.018155,1376,13.052245140075684
1776861666.9983866,1417,12.938505172729492
1776861755.4863183,1457,14.994361877441406
1776861757.6767933,1458,13.73182201385498
1776861837.7304747,1494,14.36265754699707
1776861855.4980047,1502,14.565801620483398
1776861873.0796406,1510,14.999906539916992
1776861879.6930819,1513,15.085535049438477
1776861957.3187032,1548,14.43515682220459
1776861963.9341335,1551,15.059782028198242
1776861995.012025,1565,15.114238739013672
1776862001.655931,1568,14.121557235717773
1776862039.31201,1585,15.167903900146484
1776862063.6388712,1596,15.092041015625
1776862156.8724768,1627,14.170482635498047
1776862174.4910061,1635,14.545888900756836
1776862252.0090685,1670,15.466357231140137
1776862285.3876874,1685,14.404369354248047
1776862323.116055,1702,14.953250885009766
1776862327.5276241,1704,14.505420684814453
1776862343.0252395,1711,15.228716850280762
1776862489.628077,1777,15.774459838867188
1776862645.031614,1847,15.20875358581543
1776862673.705343,1860,14.764596939086914
1776862689.3373103,1867,14.995437622070312
1776862760.1044989,1899,15.56006908416748
1776862766.6972597,1902,15.249414443969727
1776862782.2959962,1909,15.265935897827148
1776862850.896465,1940,15.706968307495117
1776862895.311934,1960,16.309507369995117
1776862897.5561984,1961,15.346630096435547
1776862937.448707,1979,16.95636558532715
1776863139.2721696,2070,15.434486389160156
1776863159.1480587,2079,15.61319351196289
1776863181.1981504,2089,15.61810302734375
1776863205.4852436,2100,15.506789207458496
1776863447.49246,2209,16.229869842529297
1776863514.0321665,2239,16.181739807128906
1776863691.643221,2319,16.324752807617188
1776863780.208758,2359,16.006534576416016
1776863857.6169178,2394,16.245769500732422
1776863950.6940007,2436,16.532554626464844
1776863961.9096904,2441,15.69239330291748
1776863990.6599915,2454,16.40968132019043
1776864008.3805742,2462,16.579341888427734
1776864015.0760314,2465,16.55133819580078
1776864059.5089154,2485,16.472448348999023
1776864099.4547265,2503,17.509567260742188
1776864130.6499052,2517,15.317327499389648
1776864159.9195533,2530,12.517036437988281
1776864264.983498,2577,10.687019348144531
1776864267.1889186,2578,10.692731857299805
1776864313.956881,2599,11.091419219970703
1776864376.518421,2627,10.941046714782715
1776864394.4098814,2635,10.980148315429688
1776864412.3112578,2643,10.889060974121094
1776864504.0619984,2684,10.404696464538574
1776864524.2687142,2693,10.475024223327637
1776864557.9213734,2708,10.687877655029297
1776864578.1377726,2717,10.822558403015137
1776864616.2504406,2734,10.245747566223145
1776864629.6678956,2740,10.47641372680664
1776864658.8602412,2753,10.462068557739258
1776864661.089109,2754,10.893041610717773
1776864663.3100271,2755,10.333423614501953
1776864685.6201782,2765,10.538284301757812
1776864692.3174417,2768,10.768526077270508
1776864730.184494,2785,10.758171081542969
1776864790.8257332,2812,10.334267616271973
1776864840.0787833,2834,10.371241569519043
1776864862.5751371,2844,10.645770072937012
1776864900.7270484,2861,10.280055046081543
1776865035.2360137,2921,9.423847198486328
1776865104.704055,2952,9.359906196594238
1776865111.4149635,2955,10.504138946533203
1776865127.1571426,2962,9.938661575317383
1776865151.9656556,2973,9.994508743286133
1776865289.2580023,3034,9.879764556884766
1776865399.6561794,3083,9.910848617553711
1776865401.9077528,3084,9.988314628601074
1776865444.7215774,3103,10.342327117919922
1776865446.984204,3104,9.762693405151367
1776865449.2795997,3105,9.98443603515625
1776865482.9001508,3120,9.409454345703125
1776865539.1009567,3145,10.005878448486328
1776865601.9198782,3173,9.843031883239746
1776865644.6895437,3192,10.077686309814453
1776865660.570403,3199,10.209494590759277
1776865701.0280707,3217,10.17597484588623
1776865707.726839,3220,10.329606056213379
1776865754.9972363,3241,10.051365852355957
1776865808.772479,3265,10.026269912719727
1776865815.5405488,3268,9.99567985534668
1776865900.9029024,3306,9.545883178710938
1776865977.163698,3340,10.28565788269043
1776866012.991501,3356,10.042466163635254
1776866120.5690832,3404,9.94482421875
1776866248.50505,3461,10.165489196777344
1776866298.0612967,3483,9.875646591186523
1776866300.2905612,3484,10.25102424621582
1776866315.8732784,3491,10.237485885620117
1776866336.1665967,3500,10.354138374328613
1776866394.495597,3526,10.063358306884766
1776866484.3681083,3566,9.831326484680176
1776866491.142982,3569,10.455324172973633
1776866561.0085547,3600,9.572858810424805
1776866596.9718041,3616,10.264303207397461
1776866682.2682588,3654,10.279861450195312
1776866688.992091,3657,10.364238739013672
1776866693.5570304,3659,10.257868766784668
1776866698.0715258,3661,10.142820358276367
1776866704.8615882,3664,10.027179718017578
1776866713.7931042,3668,9.637367248535156
1776866720.5922244,3671,10.39931869506836
1776866763.315902,3690,10.023882865905762
1776866812.8586223,3712,10.476670265197754
1776866923.2013516,3761,10.280221939086914
1776866970.281721,3782,10.491179466247559
1776867118.801297,3848,10.329034805297852
1776867123.2701137,3850,10.356334686279297
1776867165.8059075,3869,10.191320419311523
1776867239.6694455,3902,10.304615020751953
1776867259.7560785,3911,10.494291305541992
1776867268.664804,3915,9.896769523620605
1776867282.0909555,3921,10.231620788574219
1776867309.135175,3933,10.04469108581543
1776867315.8866522,3936,10.370426177978516
1776867403.4906142,3975,10.226401329040527
1776867486.628911,4012,10.470416069030762
1776867491.1202788,4014,10.321474075317383
1776867511.3445475,4023,10.085607528686523
1776867536.1009047,4034,10.04953384399414
1776867549.6476672,4040,9.868415832519531
1776867565.4417748,4047,10.22720718383789
1776867648.3829434,4084,9.901208877563477
1776867704.580992,4109,10.086648941040039
1776867717.9971964,4115,9.871248245239258
1776867731.4425557,4121,9.623332977294922
1776867738.1831079,4124,10.24774169921875
1776867787.582356,4146,10.014524459838867
1776867866.2772038,4181,10.308372497558594
1776867890.9562724,4192,10.466717720031738
1776867969.5611145,4227,10.31225299835205
1776868036.8903866,4257,10.473909378051758
1776868173.7531445,4318,10.366591453552246
1776868196.309294,4328,10.415771484375
1776868346.668938,4395,10.317340850830078
1776868454.7529027,4443,10.211713790893555
1776868479.5781794,4454,10.079225540161133
1776868638.635005,4525,10.022322654724121
1776868661.0224898,4535,10.59683895111084
1776868669.9966104,4539,9.909448623657227
1776868726.1002212,4564,10.484172821044922
1776868826.9331543,4609,10.574563980102539
1776868833.621687,4612,10.226499557495117
1776868916.436327,4649,10.378552436828613
1776868999.6937206,4686,10.233552932739258
1776869008.7078104,4690,10.268796920776367
1776869013.2155385,4692,10.502208709716797
1776869026.6254544,4698,10.46999740600586
1776869046.8131669,4707,10.479540824890137
1776869098.4526896,4730,10.388012886047363
1776869114.2098286,4737,10.671775817871094
1776869201.8885152,4776,10.333734512329102
1776869204.168013,4777,10.575874328613281
1776869271.5384226,4807,10.603371620178223
1776869323.283419,4830,10.71986198425293
1776869327.8342664,4832,10.472281455993652
1776869334.5941515,4835,10.598901748657227
1776869336.8182366,4836,10.249418258666992
1776869354.7714334,4844,10.509766578674316
1776869440.4438584,4882,10.537348747253418
1776869503.6700082,4910,10.613533020019531
1776869546.4344826,4929,10.586284637451172
1776869571.2330384,4940,10.46843147277832
1776869591.4961014,4949,10.638198852539062
1776869661.516291,4980,10.49714183807373
1776869686.3234224,4991,10.595088958740234
1776869811.8287396,5047,10.657846450805664
1776869854.77485,5066,10.48298454284668
1776869883.8859653,5079,10.570089340209961
1776869904.136015,5088,10.747920036315918
1776869908.6179361,5090,10.558197975158691
1776870002.8298976,5132,10.471744537353516
1776870011.777743,5136,10.596434593200684
1776870020.7729583,5140,10.496437072753906
1776870045.621118,5151,10.60152530670166
1776870052.2874959,5154,10.569236755371094
1776870054.5206988,5155,10.727327346801758
1776870126.6853774,5187,10.234807968139648
1776870155.8442593,5200,10.569648742675781
1776870196.256959,5218,10.357767105102539
1776870211.9155965,5225,10.625751495361328
1776870241.185743,5238,10.55276107788086
1776870274.9132838,5253,10.59756851196289
1776870295.167525,5262,10.523396492004395
1776870301.999681,5265,10.521804809570312
1776870369.5252473,5295,10.25899887084961
1776870423.6110935,5319,10.593799591064453
1776870430.3811657,5322,10.540824890136719
1776870434.8457966,5324,10.44228744506836
1776870443.7697616,5328,10.483952522277832
1776870520.1745198,5362,10.443584442138672
1776870538.0661502,5370,10.586569786071777
1776870612.1302676,5403,10.622917175292969
1776870706.7302659,5445,10.433246612548828
1776870727.0588531,5454,10.528120994567871
1776870738.2146425,5459,10.75073528289795
1776870839.2243767,5504,10.370386123657227
1776870850.5597346,5509,10.677818298339844
1776870877.4962854,5521,10.42628002166748
1776870981.4828215,5567,10.629449844360352
1776871206.413732,5667,10.562017440795898
1776871347.9897025,5730,10.536718368530273
1776871411.0967767,5758,10.829127311706543
1776871462.9865508,5781,10.409523963928223
1776871577.7993078,5832,10.574511528015137
1776871654.1359446,5866,10.301124572753906
1776871683.3310466,5879,10.755510330200195
1776871838.7367263,5948,10.669955253601074
1776871856.6354012,5956,10.65873908996582
1776871874.578772,5964,10.53111457824707
1776871913.010101,5981,10.399747848510742
1776871949.225113,5997,10.626693725585938
1776871976.3545132,6009,10.207732200622559
1776872057.640551,6045,10.294017791748047
1776872075.771873,6053,10.458358764648438
1776872132.0525026,6078,10.67679500579834
1776872206.701475,6111,10.639521598815918
1776872211.1875474,6113,10.383625030517578
1776872256.0176415,6133,10.434539794921875
1776872267.188996,6138,10.71973991394043
1776872271.6609628,6140,10.626091003417969
1776872276.1630938,6142,10.4596529006958
1776872462.9370306,6225,10.70942211151123
1776872503.3754838,6243,10.180037498474121
1776872584.4068582,6279,10.7839994430542
1776872588.9250467,6281,10.577037811279297
1776872631.7077723,6300,10.631208419799805
1776872703.5690417,6332,10.613798141479492
1776872708.110379,6334,10.462301254272461
1776872762.0242884,6358,10.753583908081055
1776872764.2603621,6359,10.68494701385498
1776872775.3825417,6364,10.544197082519531
1776872786.5542314,6369,10.748710632324219
1776873020.477775,6473,10.612507820129395
1776873061.1480825,6491,10.687906265258789
1776873144.3819313,6528,10.726669311523438
1776873151.0752892,6531,10.529359817504883
1776873184.8196769,6546,10.476226806640625
1776873196.18743,6551,10.145536422729492
1776873225.4303045,6564,10.705955505371094
1776873236.6712363,6569,10.564769744873047
1776873272.4930985,6585,10.639108657836914
1776873283.7743847,6590,10.511106491088867
1776873303.996784,6599,10.72401237487793
1776873339.996384,6615,10.606855392456055
1776873416.2644846,6649,10.68949031829834
1776873470.250084,6673,10.412957191467285
1776873575.9393797,6720,10.73188591003418
1776873598.4157946,6730,10.11435604095459
1776873607.4718058,6734,10.348457336425781
1776873643.5148182,6750,10.52967357635498
1776873668.3086538,6761,10.509150505065918
1776873760.8503132,6802,10.735174179077148
1776873851.0344737,6842,10.367441177368164
1776873869.0130455,6850,10.580921173095703
1776873889.3312194,6859,10.426077842712402
1776873925.456059,6875,10.7525053024292
1776874017.7387846,6916,10.677604675292969
1776874024.4961004,6919,10.81995677947998
1776874049.181176,6930,10.248397827148438
1776874150.739492,6975,10.48766803741455
1776874186.9574883,6991,10.525964736938477
1776874198.1300576,6996,10.739601135253906
1776874202.6119998,6998,10.657686233520508
1776874247.595981,7018,10.542098999023438
1776874272.1824164,7029,10.788707733154297
1776874328.346149,7054,10.60641860961914
1776874470.2796836,7117,10.596332550048828
1776874477.0428362,7120,10.439105987548828
1776874490.4817626,7126,10.540447235107422
1776874575.8933258,7164,10.769689559936523
1776874607.4515264,7178,10.570098876953125
1776874611.9175975,7180,10.839536666870117
1776874672.433216,7207,10.807424545288086
1776874712.954296,7225,10.41762924194336
1776874775.8565135,7253,10.69874095916748
1776874823.1661868,7274,10.796667098999023
1776874899.8401387,7308,10.759382247924805
1776874958.4730642,7334,10.760759353637695
1776874967.504552,7338,10.533265113830566
1776875001.25442,7353,10.463151931762695
1776875032.8013198,7367,10.786715507507324
1776875161.2854626,7424,10.554815292358398
1776875185.9070385,7435,10.526124954223633
1776875188.13454,7436,10.668716430664062
1776875251.477554,7464,10.823336601257324
1776875260.4520085,7468,10.869059562683105
1776875264.9483206,7470,10.651450157165527
1776875292.085075,7482,10.859816551208496
1776875346.0128703,7506,10.307069778442383
1776875373.0820637,7518,10.634233474731445
1776875391.2098277,7526,10.699846267700195
1776875404.594164,7532,10.855257987976074
1776875429.2645361,7543,10.813440322875977
1776875447.3244464,7551,10.811495780944824
1776875451.8162942,7553,10.301979064941406
1776875542.2279463,7593,10.449827194213867
1776875562.5218222,7602,10.580520629882812
1776875566.9860814,7604,10.311756134033203
1776875573.7724373,7607,10.795249938964844
1776875643.6546576,7638,10.596944808959961
1776875657.1731372,7644,10.725446701049805
1776875693.2686188,7660,10.725425720214844
1776875844.7171392,7727,10.750093460083008
1776875851.4811487,7730,10.59868335723877
1776875909.740692,7756,10.78460693359375
1776875995.3566825,7794,10.711756706237793
1776875997.5971315,7795,10.79297161102295
1776876056.2847407,7821,10.747150421142578
1776876094.3570554,7838,10.567943572998047
1776876103.4222584,7842,10.58144760131836
1776876121.4752014,7850,10.621139526367188
1776876132.849194,7855,10.569838523864746
1776876135.136432,7856,10.746585845947266
1776876148.6853492,7862,10.754837036132812
1776876223.0069637,7895,10.561095237731934
1776876236.4770677,7901,10.757072448730469
1776876292.746424,7926,10.731012344360352
1776876299.506131,7929,10.730781555175781
1776876428.0967836,7986,10.641282081604004
1776876563.3968258,8046,10.80988597869873
1776876581.4095354,8054,10.583961486816406
1776876635.54577,8078,10.642250061035156
1776876676.1102328,8096,10.83637809753418
1776876734.7464306,8122,10.887420654296875
1776876784.511403,8144,10.596854209899902
1776876827.5719383,8163,10.813739776611328
1776876829.835789,8164,10.75252914428711
1776876892.7971442,8192,10.671638488769531
1776876946.981084,8216,10.856033325195312
1776876976.1293497,8229,10.645986557006836
1776877034.8834486,8255,10.679306030273438
1776877084.4634488,8277,10.646841049194336
1776877097.9865608,8283,10.741432189941406
1776877115.8260996,8291,10.817663192749023
1776877126.9824677,8296,10.720690727233887
1776877253.411722,8352,10.700617790222168
1776877278.1474528,8363,10.62125301361084
1776877309.6012685,8377,10.895663261413574
1776877354.8404648,8397,10.600606918334961
1776877386.3454297,8411,10.758367538452148
1776877397.5877976,8416,10.75846004486084
1776877567.1643064,8491,10.75101089477539
1776877634.5863044,8521,10.801519393920898
1776877654.9693751,8530,10.754552841186523
1776877695.4407587,8548,10.631629943847656
1776877709.0110931,8554,10.680948257446289
1776877729.2684302,8563,10.761281967163086
1776877853.1378653,8618,10.711859703063965
1776877873.3546586,8627,10.423583030700684
1776877945.3432856,8659,10.851478576660156
1776877954.3615568,8663,10.708930969238281
1776878024.2456448,8694,10.787203788757324
1776878037.7300415,8700,10.708208084106445
1776878078.2566051,8718,10.718901634216309
1776878091.7297647,8724,10.659210205078125
1776878155.070276,8752,10.764342308044434
1776878159.5421739,8754,10.662786483764648
1776878209.373792,8776,10.810596466064453
1776878213.8889453,8778,10.780820846557617
1776878315.2895103,8823,10.824760437011719
1776878337.9333742,8833,10.598808288574219
1776878410.0600255,8865,10.700777053833008
1776878421.4211025,8870,10.795687675476074
1776878437.2112586,8877,10.557162284851074
1776878461.8527727,8888,10.719289779663086
1776878527.1930087,8917,10.840625762939453
1776878536.248052,8921,10.858621597290039
1776878680.6824818,8985,10.747331619262695
1776878692.040243,8990,10.868246078491211
1776878728.053224,9006,10.522303581237793
1776878788.9165323,9033,10.515429496765137
1776878825.0842834,9049,10.9257230758667
1776878845.405734,9058,10.546846389770508
1776878872.4505541,9070,10.752471923828125
1776878978.150473,9117,10.644686698913574
1776878987.0760684,9121,10.828414916992188
1776879056.8512104,9152,10.690082550048828
1776879142.601589,9190,10.7565336227417
1776879171.9532714,9203,10.779635429382324
1776879192.467017,9212,10.733036041259766
1776879214.9809685,9222,10.847529411315918
1776879223.9479847,9226,10.905500411987305
1776879282.4472418,9252,10.847043991088867
1776879370.285147,9291,10.872763633728027
1776879397.360034,9303,10.904207229614258
1776879401.8042696,9305,10.9085693359375
1776879417.5426018,9312,10.865484237670898
1776879451.2622352,9327,10.887415885925293
1776879491.9411147,9345,10.757070541381836
1776879523.444698,9359,10.682321548461914
1776879536.9622488,9365,10.797892570495605
1776879552.5969405,9372,10.795004844665527
1776879563.8273478,9377,10.835719108581543
1776879586.1646636,9387,10.806715965270996
1776879712.175553,9443,10.846163749694824
1776879741.4241266,9456,10.735311508178711
1776879813.4339783,9488,10.775617599487305
1776879817.968383,9490,10.95566463470459
1776879926.2349951,9538,10.773066520690918
1776879946.730913,9547,10.588716506958008
1776879966.9727786,9556,10.858386039733887
1776879989.445726,9566,10.692294120788574
1776880049.955848,9593,10.885290145874023
1776880081.4347382,9607,10.722240447998047
1776880225.8444989,9671,10.8821439743042
1776880228.0797145,9672,10.69129753112793
1776880273.1921902,9692,10.692487716674805
1776880300.256583,9704,10.683691024780273
1776880318.3011775,9712,10.677862167358398
1776880372.2729933,9736,10.717264175415039
1776880410.6257064,9753,10.62763786315918
1776880412.8690891,9754,10.884211540222168
1776880453.3881922,9772,10.821619987487793
1776880545.692874,9813,10.681175231933594
1776880570.4103024,9824,10.688247680664062
1776880599.753444,9837,10.680418014526367
1776880629.1180673,9850,10.705333709716797
1776880667.36645,9867,10.317569732666016
1776880727.9960244,9894,10.875826835632324
1776880750.4410038,9904,10.843038558959961
1776880777.5548663,9916,10.595982551574707
1776880779.809283,9917,10.738962173461914
1776880849.6992724,9948,10.876349449157715
1776880851.962205,9949,10.918932914733887
1776880854.1940143,9950,10.869592666625977
1776880876.9280903,9960,10.891708374023438
1776880905.9632745,9973,10.832115173339844
1776880919.4842,9979,10.722738265991211
1776880937.4867046,9987,10.731039047241211
1776880950.9621897,9993,10.689268112182617
1776881108.6969697,10063,10.731809616088867
1776881169.517066,10090,10.564289093017578
1776881239.2715843,10121,10.892927169799805
1776881250.5424154,10126,10.901969909667969
1776881277.642199,10138,10.810079574584961
1776881397.2708886,10191,10.872782707214355
1776881435.7095788,10208,10.864307403564453
1776881451.4036891,10215,10.885000228881836
1776881572.7453218,10269,10.73232650756836
1776881597.5162785,10280,10.895666122436523
1776881737.049995,10342,10.84674072265625
1776881743.7107997,10345,10.94158935546875
1776881745.9289894,10346,10.854423522949219
1776881856.2951384,10395,10.4561185836792
1776881968.714943,10445,10.941030502319336
1776881982.1948662,10451,10.877880096435547
1776881984.441403,10452,10.901195526123047
1776881998.0017412,10458,10.811288833618164
1776882094.8681188,10501,10.876922607421875
1776882133.264232,10518,10.977354049682617
1776882207.4872828,10551,10.849452018737793
1776882230.013865,10561,10.890657424926758
1776882257.0172188,10573,10.913801193237305
1776882308.925489,10596,10.77596664428711
1776882349.4980314,10614,10.843570709228516
1776882392.6071386,10633,10.932428359985352
1776882415.0061114,10643,10.776458740234375
1776882419.4787023,10645,10.814043998718262
1776882559.0660324,10707,10.830398559570312
1776882581.5557075,10717,10.627933502197266
1776882597.2971697,10724,10.919960021972656
1776882608.5231678,10729,10.929025650024414
1776882644.4850676,10745,10.780948638916016
1776882660.247921,10752,10.972782135009766
1776882703.342153,10771,10.964956283569336
1776882863.1828556,10842,10.867018699645996
1776882987.394996,10897,10.785669326782227
1776883165.7030172,10976,10.767301559448242
1776883269.3654666,11022,10.806072235107422
1776883271.6068761,11023,10.790294647216797
1776883282.896343,11028,10.888795852661133
1776883300.9202888,11036,10.835691452026367
1776883341.5791657,11054,10.778571128845215
1776883431.4860015,11094,10.919130325317383
1776883485.5052621,11118,10.78150749206543
1776883499.007244,11124,10.773117065429688
1776883501.2477877,11125,10.904170036315918
1776883577.9187858,11159,10.907552719116211
1776883602.668787,11170,10.807143211364746
1776883688.2930133,11208,10.797414779663086
1776883697.3321557,11212,10.689349174499512
1776883710.699868,11218,10.786767959594727
1776883726.4857864,11225,10.602846145629883
1776883728.738875,11226,10.791397094726562
1776883796.2571614,11256,10.539270401000977
1776883963.52303,11330,10.773712158203125
1776883965.7634325,11331,10.886680603027344
1776884039.9972503,11364,10.963263511657715
1776884107.5828981,11394,10.769366264343262
1776884130.1859944,11404,10.90994644165039
1776884141.4822743,11409,10.961787223815918
1776884217.996994,11443,10.988311767578125
1776884229.2959187,11448,11.00105094909668
1776884233.7546644,11450,10.670878410339355
1776884258.515743,11461,10.796008110046387
1776884262.9778647,11463,10.731521606445312
1776884404.535889,11526,10.979312896728516
1776884503.478895,11570,10.913820266723633
1776884521.518278,11578,10.934652328491211
1776884596.0186818,11611,10.79981517791748
1776884787.2202008,11696,10.678703308105469
1776884877.047804,11736,10.936720848083496
1776884922.0538642,11756,10.903358459472656
1776884942.398713,11765,10.913963317871094
1776884989.5792816,11786,10.98184871673584
1776885059.21023,11817,10.753497123718262
1776885063.7001936,11819,10.967056274414062
1776885072.605476,11823,10.9695463180542
1776885119.9259648,11844,10.982264518737793
1776885126.683292,11847,10.818374633789062
1776885135.6942198,11851,10.915054321289062
1776885171.8074238,11867,10.859416961669922
1776885192.0018566,11876,10.971551895141602
1776885205.4091797,11882,10.83316707611084
1776885288.4740045,11919,10.844714164733887
1776885337.8431308,11941,10.915321350097656
1776885369.4391224,11955,10.69434642791748
1776885403.0843344,11970,10.885421752929688
1776885407.545061,11972,10.903300285339355
1776885418.8020425,11977,10.8938627243042
1776885497.7448325,12012,10.572250366210938
1776885531.4399009,12027,10.986987113952637
1776885598.7465405,12057,10.834697723388672
1776885612.1873965,12063,10.643632888793945
1776885623.4351966,12068,10.969106674194336
1776885641.3812366,12076,10.74261474609375
1776885773.991419,12135,10.865595817565918
1776885863.8882854,12175,10.952630996704102
1776885872.8885949,12179,10.86902141571045
1776885942.729983,12210,11.040984153747559
1776885998.9885726,12235,11.007139205932617
1776886023.7213693,12246,10.94821548461914
1776886059.5230973,12262,10.784780502319336
1776886079.812116,12271,10.835186004638672
1776886149.4045377,12302,10.959127426147461
1776886153.882316,12304,10.966998100280762
1776886162.9633965,12308,11.037635803222656
1776886180.8960648,12316,10.968234062194824
1776886246.0429373,12345,10.927985191345215
1776886266.2580273,12354,10.763178825378418
1776886293.2360213,12366,10.758438110351562
1776886302.1794217,12370,10.630508422851562
1776886356.1827822,12394,10.927536010742188
1776886365.1938984,12398,10.813676834106445
1776886369.7423372,12400,10.735076904296875
1776886417.2949271,12421,10.887548446655273
1776886419.5584793,12422,10.818424224853516
1776886453.1670601,12437,10.794708251953125
1776886466.731494,12443,10.94354248046875
1776886480.2564914,12449,10.935236930847168
1776886541.0092278,12476,10.882048606872559
1776886545.586786,12478,10.846575736999512
1776886550.036346,12480,10.933609008789062
1776886644.5839224,12522,10.578401565551758
1776886716.612992,12554,10.629592895507812
1776886822.762236,12601,10.755695343017578
1776886928.741784,12648,10.734522819519043
1776886940.0101779,12653,10.926798820495605
1776886998.8533192,12679,10.721351623535156
1776887064.4279833,12708,11.04281234741211
1776887231.232779,12782,10.944183349609375
1776887251.368063,12791,10.741912841796875
1776887377.4062247,12847,10.815740585327148
1776887402.3433392,12858,10.941810607910156
1776887499.0352933,12901,10.840946197509766
1776887507.9662952,12905,10.529313087463379
1776887546.3092752,12922,10.956457138061523
1776887596.0128334,12944,10.932555198669434
1776887658.9299126,12972,10.99842643737793
1776887667.9354565,12976,10.946792602539062
1776887715.2810805,12997,10.869993209838867
1776887744.6202679,13010,10.897018432617188
1776887776.1152143,13024,10.867205619812012
1776887785.1042945,13028,10.774276733398438
1776887803.2167864,13036,10.81733226776123
1776887805.481995,13037,10.969199180603027
1776887828.0546427,13047,10.896133422851562
1776887830.3062844,13048,10.795022964477539
1776887920.2752144,13088,10.859747886657715
1776887929.3187644,13092,10.770055770874023
1776888145.3414254,13188,10.867441177368164
1776888194.8527193,13210,10.639184951782227
1776888232.9327176,13227,10.8616361618042
1776888248.5691535,13234,10.966299057006836
1776888268.7690873,13243,10.952013969421387
1776888284.4478385,13250,10.950782775878906
1776888309.3743281,13261,10.868680953979492
1776888406.1790311,13304,11.058923721313477
1776888507.6002333,13349,10.822439193725586
1776888595.3987727,13388,10.913684844970703
1776888662.8348918,13418,10.627459526062012
1776888746.027089,13455,10.931266784667969
1776888896.6407723,13522,10.976211547851562
1776888916.7117913,13531,10.924846649169922
1776888918.931404,13532,10.91675853729248
1776888959.436245,13550,10.823579788208008
1776888977.371006,13558,10.904620170593262
1776889017.7507951,13576,10.930346488952637
1776889045.0004325,13588,11.039320945739746
1776889123.7989733,13623,11.069849967956543
1776889166.741983,13642,10.923311233520508
1776889171.2896168,13644,10.76806640625
1776889177.9932554,13647,10.970306396484375
1776889207.314721,13660,11.061519622802734
1776889301.6265368,13702,10.793228149414062
1776889333.0214589,13716,10.952921867370605
1776889377.9076269,13736,10.985068321228027
1776889429.5391538,13759,10.969467163085938
1776889526.23522,13802,10.881263732910156
1776889591.3885658,13831,10.982425689697266
1776889631.745203,13849,10.954275131225586
1776889723.878081,13890,10.912375450134277
1776889782.5900567,13916,10.79133415222168
1776889906.4950254,13971,10.746478080749512
1776889926.7389007,13980,11.0579833984375
1776889985.3558486,14006,10.934741020202637
1776890050.5710938,14035,10.805335998535156
1776890075.4611669,14046,11.013998985290527
1776890201.6616962,14102,10.850700378417969
1776890226.579089,14113,11.032703399658203
1776890258.0662305,14127,10.987631797790527
1776890287.205231,14140,10.676717758178711
1776890327.7835138,14158,10.93366813659668
1776890370.7370296,14177,10.998404502868652
1776890395.5583236,14188,10.995796203613281
1776890409.0116198,14194,10.944934844970703
1776890436.0010629,14206,10.97205638885498
1776890460.7293925,14217,10.93001937866211
1776890474.2530985,14223,10.7577543258667
1776890476.507558,14224,10.592390060424805
1776890552.9382968,14258,10.891252517700195
1776890568.747211,14265,11.006460189819336
1776890757.815893,14349,11.016100883483887
1776890769.2091956,14354,10.937765121459961
1776890784.9882853,14361,10.555013656616211
1776890796.2101922,14366,10.907257080078125
1776890798.479569,14367,10.962569236755371
1776890870.7570214,14399,11.050897598266602
1776890872.9865847,14400,10.880538940429688
1776890884.189953,14405,10.921546936035156
1776890915.755586,14419,10.861656188964844
1776890933.6686494,14427,10.651433944702148
1776890935.9857204,14428,10.778202056884766
1776890954.0003016,14436,10.754903793334961
1776891085.3662608,14494,10.86732292175293
1776891089.8480716,14496,11.004776000976562
1776891177.6530156,14535,10.882015228271484
1776891179.931063,14536,10.907705307006836
1776891206.9970355,14548,10.908077239990234
1776891272.3740208,14577,10.612690925598145
1776891375.9737225,14623,10.930914878845215
1776891425.5261157,14645,10.788455963134766
1776891650.9242375,14745,10.72641658782959
1776891684.69187,14760,10.655279159545898
1776891722.8127975,14777,10.994803428649902
1776891740.8999841,14785,10.609182357788086
1776891817.560096,14819,10.992279052734375
1776891864.8680725,14840,11.051475524902344
1776891889.7625036,14851,10.992056846618652
1776891919.0966158,14864,10.832289695739746
1776891928.1674492,14868,10.95804500579834
1776891997.6480377,14899,10.911429405212402
1776892008.9731772,14904,10.773506164550781
1776892022.499805,14910,10.999163627624512
1776892047.172121,14921,10.862552642822266
1776892056.1416812,14925,10.829058647155762
1776892090.1201942,14940,10.922204971313477
1776892121.6304352,14954,10.886886596679688
1776892268.3646886,15019,10.975425720214844
1776892371.840765,15065,10.861278533935547
1776892374.0755663,15066,10.415674209594727
1776892383.016152,15070,10.96805477142334
1776892446.0027912,15098,10.999762535095215
1776892473.0459235,15110,10.888078689575195
1776892495.4977481,15120,11.041845321655273
1776892504.5163033,15124,11.044974327087402
1776892536.1669226,15138,11.088461875915527
1776892569.9740376,15153,10.951727867126465
1776892621.7729487,15176,11.001152038574219
1776892642.1479821,15185,11.068151473999023
1776892673.7640612,15199,11.106420516967773
1776892941.6469235,15318,10.978232383728027
1776892977.479001,15334,11.007329940795898
1776893008.9107041,15348,10.991915702819824
1776893040.5205138,15362,10.858240127563477
1776893060.6614747,15371,10.935229301452637
1776893125.786124,15400,10.904868125915527
1776893168.860739,15419,11.073626518249512
1776893204.9923246,15435,10.84751033782959
1776893218.4990761,15441,10.96746826171875
1776893252.2156048,15456,10.838926315307617
1776893265.726361,15462,11.042411804199219
1776893328.7561903,15490,10.853887557983398
1776893333.2119462,15492,10.942665100097656
1776893351.1634533,15500,11.065829277038574
1776893599.109712,15610,10.9921875
1776893651.0027657,15633,10.874842643737793
1776893662.3371649,15638,10.956867218017578
1776893729.870286,15668,10.92445182800293
1776893801.514686,15700,11.088666915893555
1776893828.3592792,15712,11.083112716674805
1776893850.7037163,15722,10.933929443359375
1776893911.411951,15749,10.753738403320312
1776893936.2213097,15760,10.800148010253906
1776893987.9105523,15783,10.927996635437012
1776894003.5973601,15790,11.086433410644531
1776894010.3802176,15793,10.883270263671875
1776894028.4478235,15801,11.016535758972168
1776894039.7105308,15806,10.841849327087402
1776894057.7419283,15814,11.034379959106445
1776894071.348045,15820,10.973246574401855
1776894096.1441138,15831,10.980631828308105
1776894190.77525,15873,10.961337089538574
1776894195.3161037,15875,10.9395170211792
1776894298.286254,15921,10.901935577392578
1776894300.576877,15922,10.978067398071289
1776894390.7449312,15962,10.524332046508789
1776894431.4202437,15980,10.608259201049805
1776894505.782839,16013,10.983627319335938
1776894548.2520683,16032,11.007403373718262
1776894570.83325,16042,10.980605125427246
1776894647.435045,16076,10.950223922729492
1776894713.0871398,16105,10.75710678100586
1776894740.1898878,16117,10.871253967285156
1776894758.103792,16125,10.970117568969727
1776894814.218582,16150,10.931307792663574
1776894893.055627,16185,10.989227294921875
1776894895.2769294,16186,10.9330472946167
1776895007.3693748,16236,11.031192779541016
1776895014.156703,16239,11.074995040893555
1776895018.6739967,16241,11.0160551071167
1776895032.1619143,16247,10.982698440551758
1776895181.0173295,16313,11.150503158569336
1776895250.9492419,16344,11.015880584716797
1776895255.3820078,16346,10.762243270874023
1776895359.0932415,16392,10.886226654052734
1776895402.0330513,16411,10.938436508178711
1776895404.2772064,16412,10.640684127807617
1776895408.7608502,16414,11.019946098327637
1776895438.0042675,16427,10.895418167114258
1776895566.4839494,16484,11.129629135131836
1776895573.2340147,16487,10.969743728637695
1776895724.2300797,16554,11.00775146484375
1776895834.496525,16603,10.989206314086914
1776895838.9860508,16605,10.93317985534668
1776895861.3581405,16615,10.967013359069824
1776895939.958307,16650,11.051864624023438
1776895960.3005347,16659,10.977806091308594
1776896122.4489815,16731,10.986373901367188
1776896131.439126,16735,11.024749755859375
1776896262.02148,16793,10.964701652526855
1776896313.7270868,16816,10.678960800170898
1776896354.328733,16834,11.062202453613281
1776896421.8951678,16864,11.026420593261719
1776896426.3765154,16866,11.014399528503418
1776896457.8700635,16880,11.109095573425293
1776896464.6776888,16883,10.745505332946777
1776896518.6113617,16907,11.073878288269043
1776896608.7222493,16947,10.964170455932617
1776896617.686349,16951,11.042048454284668
1776896732.539545,17002,10.95413875579834
1776896764.069066,17016,10.82319164276123
1776896825.1868231,17043,11.012617111206055
1776896849.7347777,17054,11.109663009643555
1776896856.51404,17057,11.008777618408203
1776896899.153121,17076,11.087786674499512
1776896998.4116735,17120,10.930068969726562
1776897011.866615,17126,11.078710556030273
1776897014.077922,17127,10.728435516357422
1776897050.1004694,17143,11.10297966003418
1776897077.349127,17155,11.04460334777832
1776897158.3561337,17191,11.052836418151855
1776897194.4008126,17207,10.965900421142578
1776897244.0205178,17229,11.093940734863281
1776897248.4810379,17231,10.8192777633667
1776897291.067353,17250,10.906676292419434
1776897320.498615,17263,10.902292251586914
1776897322.7210004,17264,11.002277374267578
1776897327.2282836,17266,10.841116905212402
1776897343.0345945,17273,11.072723388671875
1776897361.1191108,17281,11.101461410522461
1776897616.4699645,17394,10.828514099121094
1776897681.70102,17423,10.968770980834961
1776897699.7433982,17431,10.957353591918945
1776897702.0270672,17432,10.972270965576172
1776897888.8475366,17515,11.015002250671387
1776897904.6145258,17522,10.887251853942871
1776897997.0802479,17563,11.065722465515137
1776898118.669085,17617,11.032378196716309
1776898152.6562047,17632,10.983344078063965
1776898154.8929155,17633,11.081565856933594
1776898188.5501165,17648,10.791357040405273
1776898190.7772238,17649,11.081890106201172
1776898240.4441805,17671,10.949888229370117
1776898278.6957188,17688,10.97429084777832
1776898298.9061556,17697,11.04098129272461
1776898375.451663,17731,10.586921691894531
1776898443.199199,17761,10.673294067382812
1776898459.0058525,17768,10.737340927124023
1776898562.9018683,17814,10.95880126953125
1776898673.1426253,17863,10.94788646697998
1776898695.5700455,17873,10.823805809020996
1776898711.4174974,17880,11.059757232666016
1776898713.654253,17881,11.035983085632324
1776898722.7389143,17885,10.914083480834961
1776898810.7204702,17924,10.909881591796875
1776898835.6091912,17935,10.873751640319824
1776898873.9174328,17952,11.059432983398438
1776898900.9233568,17964,11.005681991577148
1776898993.3391554,18005,11.00858211517334
1776899000.1588526,18008,11.018787384033203
1776899061.217777,18035,11.111236572265625
1776899076.9398928,18042,11.106534957885742
1776899126.4986682,18064,11.139018058776855
1776899162.6158025,18080,11.072223663330078
1776899173.9782674,18085,10.7470703125
1776899180.719741,18088,11.009806632995605
1776899228.0101566,18109,11.018743515014648
1776899254.9419441,18121,11.038541793823242
1776899272.8913338,18129,11.017644882202148
1776899281.93329,18133,10.870536804199219
1776899290.9543302,18137,11.112638473510742
1776899448.9945874,18207,11.101798057556152
1776899604.3780112,18276,11.084821701049805
1776899669.7381382,18305,10.908225059509277
1776899721.711118,18328,10.981409072875977
1776899730.7159755,18332,10.915157318115234
1776899759.905492,18345,11.059000968933105
1776899807.322242,18366,11.060514450073242
1776899825.2556741,18374,11.01191520690918
1776899892.475439,18404,11.073046684265137
1776899894.696803,18405,10.847540855407715
1776899921.853222,18417,11.0255126953125
1776899948.7922962,18429,11.013113975524902
1776899966.853169,18437,10.91132926940918
1776899982.4645462,18444,11.14344596862793
1776900005.0272355,18454,11.070371627807617
1776900036.448623,18468,11.063934326171875
1776900065.647785,18481,11.125600814819336
1776900085.8806016,18490,10.833847045898438
1776900130.8429291,18510,10.882926940917969
1776900157.6566591,18522,11.04001235961914
1776900202.7822218,18542,11.05291748046875
1776900301.4843159,18586,11.110271453857422
1776900369.338604,18616,10.971965789794922
1776900380.5240626,18621,11.001409530639648
1776900382.7501457,18622,11.076544761657715
1776900409.7411242,18634,10.967337608337402
1776900421.0498192,18639,11.13435173034668
1776900434.5438585,18645,11.081542015075684
1776900495.2567143,18672,10.953086853027344
1776900689.0338464,18758,11.129148483276367
1776900691.2632747,18759,10.994958877563477
1776900704.928998,18765,10.81946086883545
1776900711.7331104,18768,10.996549606323242
1776900738.78504,18780,11.007536888122559
1776900772.449345,18795,10.99378490447998
1776900945.9413834,18872,11.030665397644043
1776901004.3736198,18898,10.97528076171875
1776901017.8203154,18904,10.908541679382324
1776901020.113227,18905,10.98805046081543
1776901078.6375735,18931,11.200396537780762
1776901099.0650492,18940,11.049324035644531
1776901155.2262423,18965,11.111762046813965
1776901213.7050729,18991,11.0082426071167
1776901314.9502552,19036,11.00000286102295
1776901321.7224133,19039,10.914682388305664
1776901371.261263,19061,11.088542938232422
1776901456.8148317,19099,11.021184921264648
1776901479.3425257,19109,11.044325828552246
1776901488.4068708,19113,11.124759674072266
1776901490.6407363,19114,11.032323837280273
1776901704.5168512,19209,11.00794506072998
1776901708.999944,19211,11.117025375366211
1776901720.173248,19216,11.053089141845703
1776901854.761835,19276,10.940025329589844
1776901859.2810051,19278,11.018819808959961
1776901929.0591066,19309,10.988607406616211
1776901951.6891744,19319,11.06760311126709
1776902064.219462,19369,11.01071548461914
1776902082.1971056,19377,11.028545379638672
1776902116.1825395,19392,10.865775108337402
1776902138.7343218,19402,11.047893524169922
1776902147.77547,19406,11.088151931762695
1776902179.3795364,19420,10.859061241149902
1776902240.2963095,19447,10.910235404968262
1776902280.6553462,19465,11.081382751464844
1776902301.0292227,19474,11.118956565856934
1776902309.9893792,19478,10.951925277709961
1776902355.0682526,19498,11.128066062927246
1776902361.8745608,19501,11.035360336303711
1776902463.1513584,19546,10.931395530700684
1776902623.1230047,19617,10.8003568649292
1776902659.051871,19633,10.97326946258545
1776902665.802536,19636,11.066039085388184
1776902706.2826777,19654,11.045087814331055
1776902722.0292811,19661,10.943614959716797
1776902812.2335677,19701,10.993711471557617
1776902870.683224,19727,10.87031364440918
1776902952.0195494,19763,10.92164134979248
1776902956.5468476,19765,11.038034439086914
1776902965.5423105,19769,10.94327163696289
1776903105.2556355,19831,11.108721733093262
1776903127.7292082,19841,10.995809555053711
1776903141.26178,19847,10.962636947631836
1776903172.7943828,19861,11.099109649658203
1776903249.346355,19895,10.998237609863281
1776903285.446089,19911,10.902214050292969
1776903310.267203,19922,11.043310165405273
1776903409.1768909,19966,11.019542694091797
1776903442.9960434,19981,11.162619590759277
1776903445.2536988,19982,11.107208251953125
1776903454.2743225,19986,11.076658248901367
1776903483.558774,19999,11.026548385620117
